instrument=MN43898
position=
flow_cell_id=FAY95577
sample_id=no_sample
protocol_group_id=MEP_2024_MAY_15
protocol=sequencing/sequencing_MIN114_DNA_e8_2_400K:FLO-MIN114:SQK-RBK114-96:400
protocol_run_id=caf52e0c-56ed-4b09-a064-4e9533196308
acquisition_run_id=661203a57ad4a9b42a8ba3daeb24c21792407eaf
started=2024-05-15T15:53:18.394744+02:00
acquisition_stopped=2024-05-16T09:25:40.799290+02:00
processing_stopped=2024-05-16T09:35:48.681011+02:00
basecalling_enabled=1
sequencing_summary_file=sequencing_summary_FAY95577_caf52e0c_661203a5.txt
fast5_files_in_final_dest=0
fast5_files_in_fallback=0
pod5_files_in_final_dest=18
pod5_files_in_fallback=0
fastq_files_in_final_dest=5041
fastq_files_in_fallback=0
bam_files_in_final_dest=0
bam_files_in_fallback=0
